50
-220.006 -215.006
226.618 270.962
-234.219 -316.7
826.561 907.501
108.929 165.978
410.121 412.415
85.1985 111.136
-6.47658 2.05218
53.8842 116.257
-261.382 -278.974
-377.517 -412.541
-20.7879 -87.8252
-125.401 -160.108
-513.121 -592.374
-300.285 -326.332
63.3824 16.3067
540.096 584.873
20.1339 3.44511
71.1257 85.2919
-257.974 -239.126
171.409 166.543
317.282 345.319
-574.34 -498.316
-355.293 -289.663
242.451 293.802
175.934 171.455
-370.502 -335.762
-631.848 -628.034
177.287 202.072
-51.693 4.46368
348.108 339.409
-588.717 -565.955
473.398 470.03
887.761 882.401
-181.617 -187.739
629.667 607.277
-233.576 -198.423
352.159 366.029
-965.105 -990.797
421.028 436.019
511.831 471.207
-162.25 -165.565
-366.059 -276.792
682.566 694.622
492.706 414.079
-814.823 -755.309
204.129 175.754
108.912 65.87
-217.609 -210.575
503.492 436.12
